[1,["4bISrkueRIEY2SwWEad5MU@58f5d","f6SJZOjTJB/JrJeh5xTdF7","4bISrkueRIEY2SwWEad5MU@60c6e","4bISrkueRIEY2SwWEad5MU@6ec39","4bISrkueRIEY2SwWEad5MU@5fe14","4bISrkueRIEY2SwWEad5MU@94acb","4bISrkueRIEY2SwWEad5MU@30732","4bISrkueRIEY2SwWEad5MU@498ed","4bISrkueRIEY2SwWEad5MU@f1394","4bISrkueRIEY2SwWEad5MU@5e001","4bISrkueRIEY2SwWEad5MU@75ee4","4bISrkueRIEY2SwWEad5MU@e1290","4bISrkueRIEY2SwWEad5MU@a72ab","4bISrkueRIEY2SwWEad5MU@2fb12","4bISrkueRIEY2SwWEad5MU@2224c","4bISrkueRIEY2SwWEad5MU@d4459","4bISrkueRIEY2SwWEad5MU@5d07f","4bISrkueRIEY2SwWEad5MU@62756","4bISrkueRIEY2SwWEad5MU@9a4d5","4bISrkueRIEY2SwWEad5MU@63e4f","4bISrkueRIEY2SwWEad5MU@7e3eb","4bISrkueRIEY2SwWEad5MU@f7f46","4bISrkueRIEY2SwWEad5MU@0a1ef","4bISrkueRIEY2SwWEad5MU@05da8","4bISrkueRIEY2SwWEad5MU@b8518","4bISrkueRIEY2SwWEad5MU@4244c","d0MqyYBeFAkIi762QNy1/B@b47c0","6fAc9/gb9Kfr1dCvwZaWSA@b47c0"],["node","_parent","_mesh","_skeleton","mainTexture","_effectAsset","root","targetInfo","data","_defaultClip","scene","asset","value","_envmapHDR","_envmapLDR"],["cc.ImageAsset",["cc.Node",["_name","_id","_objFlags","__editorExtras__","_prefab","_parent","_lpos","_lrot","_euler","_children","_components","_lscale"],-1,4,1,5,5,5,2,9,5],"cc.TextureCube",["cc.Node",["_name","_parent","_children","_prefab","_lpos","_lrot","_euler"],2,1,9,4,5,5,5],["cc.PrefabInfo",["fileId","root","asset","nestedPrefabInstanceRoots"],2,1,1,2],["cc.Skeleton",["_name","_hash","_joints","_bindposes"],0,12],["cc.Mesh",["_native","_hash","_struct"],1,11],["cc.Prefab",[],3],["cc.Node",["_name","_children","_prefab","_lpos","_lrot","_euler"],2,12,4,5,5,5],["cc.SkeletalAnimation",["node","__prefab","_clips","_defaultClip"],3,1,4,3,6],["cc.CompPrefabInfo",["fileId"],2],["cc.PrefabInfo",["fileId","root","instance","asset"],2,1,4,6],["cc.SkinnedMeshRenderer",["node","__prefab","_materials","lightmapSettings","_skinningRoot","_mesh","_skeleton"],3,1,4,3,4,1,6,6],["cc.ModelLightmapSettings",[],3],["cc.Material",["_name","_states","_defines","_props"],0,12],["cc.SceneAsset",["_name"],2],["cc.Scene",["_name","_children","_prefab","_globals"],2,2,4,4],["cc.SceneGlobals",["ambient","shadows","_skybox","fog","octree"],3,4,4,4,4,4],["cc.AmbientInfo",["_skyIllumLDR","_skyColorHDR","_skyColorLDR","_groundAlbedoLDR"],2,5,5,5],["cc.ShadowsInfo",["_shadowColor"],3,5],["cc.SkyboxInfo",["_enabled","_envmapHDR","_envmapLDR"],2,6,6],["cc.FogInfo",[],3],["cc.OctreeInfo",[],3],["cc.PrefabInstance",["fileId","prefabRootNode","mountedComponents","propertyOverrides"],1,9,9],["cc.MountedComponentsInfo",["targetInfo","components"],3,4,9],["cc.TargetInfo",["localID"],2],["88ee9oPWW1GPLjFisQfDytm",["node"],3,1],["CCPropertyOverrideInfo",["value","propertyPath","targetInfo"],1,4],["CCPropertyOverrideInfo",["propertyPath","targetInfo","value"],2,4,8],["CCPropertyOverrideInfo",["value","propertyPath","targetInfo"],1,1],["CCPropertyOverrideInfo",["propertyPath","targetInfo","value"],2,1,6],["cc.DirectionalLight",["node","_color","_staticSettings"],3,1,5,4],["cc.StaticLightSettings",[],3],["cc.Camera",["_clearFlags","_visibility","node"],1,1],["cc.EffectAsset",["_name","shaders","techniques"],0]],[[4,0,1,2,2],[1,0,5,9,4,6,7,8,2],[10,0,2],[5,0,1,2,3,4],[6,0,1,2,3],[1,0,5,10,4,2],[12,0,1,2,3,4,5,6,1],[13,1],[25,0,2],[1,0,5,4,6,7,8,2],[3,0,1,2,3,4,5,6,2],[14,0,1,2,3,4],[28,0,1,2,2],[7,1],[1,0,9,10,4,2],[1,0,9,4,6,7,8,2],[1,0,5,9,4,2],[1,0,5,4,6,2],[1,0,5,9,4,6,7,11,8,2],[1,2,3,5,4,3],[1,0,1,5,10,7,8,3],[1,0,1,5,10,6,7,8,3],[8,0,1,2,3,4,5,2],[3,0,1,2,3,4,2],[9,0,1,2,3,1],[4,0,3,2],[11,0,1,2,3,2],[15,0,2],[16,0,1,2,3,2],[17,0,1,2,3,4,1],[18,0,1,2,3,2],[19,0,1],[20,0,1,2,2],[21,1],[22,1],[23,0,1,2,3,3],[24,0,1,1],[26,0,1],[27,0,1,2,3],[29,0,1,2,3],[30,0,1,2,2],[31,0,1,2,1],[32,1],[33,0,1,2,3],[34,0,1,2,4]],[[[[3,"Skin-4",557528749,["Toon Character Armature/Hips","Toon Character Armature/Hips/Spine","Toon Character Armature/Hips/Spine/Spine1","Toon Character Armature/Hips/Spine/Spine1/Spine2","Toon Character Armature/Hips/Spine/Spine1/Spine2/Neck","Toon Character Armature/Hips/Spine/Spine1/Spine2/Neck/Head","Toon Character Armature/Hips/Spine/Spine1/Spine2/Neck/Head/HeadTop_End","Toon Character Armature/Hips/Spine/Spine1/Spine2/LeftShoulder","Toon Character Armature/Hips/Spine/Spine1/Spine2/LeftShoulder/LeftArm","Toon Character Armature/Hips/Spine/Spine1/Spine2/LeftShoulder/LeftArm/LeftForeArm","Toon Character Armature/Hips/Spine/Spine1/Spine2/LeftShoulder/LeftArm/LeftForeArm/LeftHand","Toon Character Armature/Hips/Spine/Spine1/Spine2/LeftShoulder/LeftArm/LeftForeArm/LeftHand/LeftHandDummy","Toon Character Armature/Hips/Spine/Spine1/Spine2/RightShoulder","Toon Character Armature/Hips/Spine/Spine1/Spine2/RightShoulder/RightArm","Toon Character Armature/Hips/Spine/Spine1/Spine2/RightShoulder/RightArm/RightForeArm","Toon Character Armature/Hips/Spine/Spine1/Spine2/RightShoulder/RightArm/RightForeArm/RightHand","Toon Character Armature/Hips/Spine/Spine1/Spine2/RightShoulder/RightArm/RightForeArm/RightHand/RightHandDummy","Toon Character Armature/Hips/Spine/Spine1/Spine2/Spine2Dummy","Toon Character Armature/Hips/LeftUpLeg","Toon Character Armature/Hips/LeftUpLeg/LeftLeg","Toon Character Armature/Hips/LeftUpLeg/LeftLeg/LeftFoot","Toon Character Armature/Hips/LeftUpLeg/LeftLeg/LeftFoot/LeftToeBase","Toon Character Armature/Hips/LeftUpLeg/LeftLeg/LeftFoot/LeftToeBase/LeftToe_End","Toon Character Armature/Hips/RightUpLeg","Toon Character Armature/Hips/RightUpLeg/RightLeg","Toon Character Armature/Hips/RightUpLeg/RightLeg/RightFoot","Toon Character Armature/Hips/RightUpLeg/RightLeg/RightFoot/RightToeBase","Toon Character Armature/Hips/RightUpLeg/RightLeg/RightFoot/RightToeBase/RightToe_End"],[[[7,1,0,0,0,0,0.9990708827972412,0.04309791699051857,0,0,-0.04309791699051857,0.9990708827972412,0,0,-0.42149633169174194,-0.02457297220826149,1],[7,1,0,0,0,0,0.9999516606330872,0.009814864955842495,0,0,-0.009814864955842495,0.9999516606330872,0,0,-0.5491436719894409,-0.010557027533650398,1],[7,1,0,0,0,0,0.9998330473899841,0.01826908066868782,0,0,-0.01826907880604267,0.9998331069946289,0,0,-0.6937821507453918,-0.016423523426055908,1],[7,1,-2.2701469148955766e-8,2.2201753324679885e-8,0,2.220168227040631e-8,0.9997521042823792,0.022257985547184944,0,-2.270154375594302e-8,-0.022257983684539795,0.9997521638870239,0,-1.7331553081589846e-8,-0.7825706005096436,-0.019545914605259895,1],[7,1,1.0188814268129761e-15,-3.4359165174618423e-15,0,-9.992007221626409e-16,0.999983549118042,0.005723134148865938,0,3.441691799854459e-15,-0.005723133683204651,0.9999836087226868,0,5.158788520198904e-16,-0.8827472925186157,-0.0053484635427594185,1],[7,1,-9.890962543766075e-16,1.7973539391297373e-15,0,9.78793686760035e-16,0.999983549118042,0.005723161157220602,0,-1.8029854376795575e-15,-0.005723160691559315,0.9999836087226868,0,-1.3928432966521975e-15,-0.9900590181350708,-0.005348489619791508,1],[7,1,-9.787991924741922e-16,1.802981626031295e-15,0,9.787924162106142e-16,0.9999998807907104,0.0000038118416796351084,0,-1.8029856494377943e-15,-0.0000038118416796351084,0.9999998807907104,0,-1.990753160328049e-15,-1.5945671796798706,0.0037714585196226835,1],[7,-0.0008986620232462883,0.9722885489463806,-0.2337823063135147,0,-0.01842801459133625,-0.23375879228115082,-0.9721199870109558,0,-0.9998297095298767,0.003434536512941122,0.01812741905450821,0,0.016547925770282745,0.09505955129861832,0.8572543263435364,1],[7,-0.2483012080192566,0.9492027163505554,-0.19328908622264862,0,0.028086364269256592,-0.19239957630634308,-0.9809147715568542,0,-0.9682755470275879,-0.24899107217788696,0.02111339569091797,0,0.04325993359088898,-0.09091494977474213,0.8538398742675781,1],[7,0.3228977918624878,0.9255751371383667,-0.19760383665561676,0,-0.08099399507045746,-0.18099786341190338,-0.9801426529884338,0,-0.9429616332054138,0.3324906826019287,0.01652221754193306,0,-0.14619728922843933,-0.28725090622901917,0.85506272315979,1],[7,-0.0003512004332151264,0.98140549659729,-0.19194576144218445,0,-0.017780935391783714,-0.19192156195640564,-0.9812490940093994,0,-0.9998418688774109,0.0030683602672070265,0.017517710104584694,0,0.013455655425786972,-0.48471301794052124,0.8522681593894958,1],[7,-0.0003512069524731487,0.9814052581787109,-0.19194643199443817,0,-0.017781805247068405,-0.1919221729040146,-0.9812491536140442,0,-0.9998418688774109,0.0030685316305607557,0.01751856505870819,0,0.013456295244395733,-0.6038117408752441,0.8522691130638123,1],[7,0.005225596483796835,-0.9722635746002197,0.23383057117462158,0,0.013601776212453842,-0.2337430715560913,-0.9722031950950623,0,0.9998939633369446,0.008260853588581085,0.01200305949896574,0,-0.010991113260388374,0.09505189210176468,0.857344388961792,1],[7,-0.2483009546995163,-0.9492028951644897,0.1932886838912964,0,-0.028086505830287933,-0.19239917397499084,-0.9809145927429199,0,0.9682757258415222,-0.24899087846279144,0.02111310139298439,0,-0.04325978457927704,-0.09091538935899734,0.8538396954536438,1],[7,0.3247819244861603,-0.9250448346138,0.19700051844120026,0,0.07938304543495178,-0.18089532852172852,-0.9802931547164917,0,0.9424517154693604,0.3340201675891876,0.014681337401270866,0,0.14832399785518646,-0.2869883179664612,0.8547845482826233,1],[7,-0.0033314821776002645,-0.981412947177887,0.19188037514686584,0,0.02023516409099102,-0.19190843403339386,-0.9812040328979492,0,0.9997896552085876,0.0006138674798421562,0.020498380064964294,0,-0.017477884888648987,-0.48472779989242554,0.8521866202354431,1],[7,-0.0003509528178256005,-0.981408417224884,0.19193290174007416,0,0.01778179034590721,-0.1919087916612625,-0.98125159740448,0,0.9998418688774109,0.0030685393139719963,0.01751854084432125,0,-0.013456064276397228,-0.6038238406181335,0.8522607684135437,1],[7,1,1.5935665999871804e-15,-4.239939884511648e-15,0,4.274358644806853e-15,-0.022257627919316292,0.9997521638870239,0,1.4988007656066061e-15,-0.9997522234916687,-0.022257626056671143,0,-3.178687857973762e-15,0.019545599818229675,-0.8646201491355896,1],[7,-0.9997915029525757,0.020136775448918343,-0.0032895489130169153,0,-0.020403021946549416,-0.9853594303131104,0.16926023364067078,0,0.00016696930106263608,0.16929389536380768,0.9855547547340393,0,0.168806254863739,0.502009391784668,-0.08501484245061874,1],[7,-0.9999737739562988,0.007087843492627144,0.0014176948461681604,0,-0.007216957397758961,-0.9680550694465637,-0.2506221532821655,0,-0.00040396826807409525,-0.2506273090839386,0.968075156211853,0,0.16535526514053345,0.2664293348789215,0.02652355097234249,1],[7,-0.9999799132347107,-0.0011795124737545848,-0.00617138110101223,0,-0.005383668001741171,-0.34554892778396606,0.9383807182312012,0,-0.0032393827568739653,0.9383916854858398,0.3455371558666229,0,0.1651715338230133,0.03608734533190727,-0.08916548639535904,1],[7,-0.999519407749176,0.027922935783863068,-0.013441862538456917,0,-0.01384727843105793,-0.014376215636730194,0.9997997879981995,0,0.027724402025341988,0.999496579170227,0.014756103046238422,0,0.1634783297777176,-0.07487351447343826,-0.0686686635017395,1],[7,-0.9995175004005432,0.02792561613023281,-0.013568094000220299,0,-0.013973367400467396,-0.014368366450071335,0.999798059463501,0,0.027725329622626305,0.9994964599609375,0.014751791022717953,0,0.16348659992218018,-0.10248271375894547,-0.0686473622918129,1],[7,-0.9996722936630249,-0.020178647711873055,-0.015751181170344353,0,0.017452387139201164,-0.9873965978622437,0.1573004424571991,0,-0.01872674562036991,0.15697376430034637,0.9874266386032104,0,-0.16723866760730743,0.502534806728363,-0.08502517640590668,1],[7,-0.9999738335609436,-0.007089655846357346,-0.0014229072257876396,0,0.0072199939750134945,-0.9680567979812622,-0.25062862038612366,0,0.00039941491559147835,-0.250632107257843,0.9680836796760559,0,-0.1653558760881424,0.266429603099823,0.026524027809500694,1],[7,-0.9999802708625793,0.0011829293798655272,0.00617437856271863,0,0.0053853257559239864,-0.34553876519203186,0.9383895993232727,0,0.0032435304019600153,0.93840491771698,0.3455253839492798,0,-0.16517172753810883,0.0360875241458416,-0.08916544169187546,1],[7,-0.9995201230049133,-0.027918362990021706,0.013425320386886597,0,0.013830444775521755,-0.01436903327703476,0.9998012185096741,0,-0.027719857171177864,0.9995085597038269,0.01474823895841837,0,-0.1634775996208191,-0.07487411051988602,-0.06867073476314545,1],[7,-0.9995172023773193,-0.027919961139559746,0.013629634864628315,0,0.014034570194780827,-0.014359344728291035,0.9997985363006592,0,-0.027718573808670044,0.9995086789131165,0.014744236133992672,0,-0.16349145770072937,-0.10248386859893799,-0.06863635778427124,1]],8,8,8,8,8,8,8,8,8,8,8,8,8,8,8,8,8,8,8,8,8,8,8,8,8,8,8,8]]],0,0,[],[],[]],[[[4,".bin",2580486834,[{"primitives":[{"primitiveMode":7,"jointMapIndex":0,"vertexBundelIndices":[0],"indexView":{"offset":7344,"length":1728,"count":432,"stride":4}},{"primitiveMode":7,"jointMapIndex":0,"vertexBundelIndices":[1],"indexView":{"offset":13680,"length":768,"count":192,"stride":4}}],"vertexBundles":[{"view":{"offset":0,"length":7344,"count":102,"stride":72},"attributes":[{"name":"a_position","format":32,"isNormalized":false},{"name":"a_normal","format":32,"isNormalized":false},{"name":"a_texCoord","format":21,"isNormalized":false},{"name":"a_tangent","format":44,"isNormalized":false},{"name":"a_joints","format":42,"isNormalized":false},{"name":"a_weights","format":44,"isNormalized":false}]},{"view":{"offset":9072,"length":4608,"count":64,"stride":72},"attributes":[{"name":"a_position","format":32,"isNormalized":false},{"name":"a_normal","format":32,"isNormalized":false},{"name":"a_texCoord","format":21,"isNormalized":false},{"name":"a_tangent","format":44,"isNormalized":false},{"name":"a_joints","format":42,"isNormalized":false},{"name":"a_weights","format":44,"isNormalized":false}]}],"jointMaps":[[0,18,19,20,21,23,24,25,26]]},"minPosition",8,[1,-0.2729385197162628,-0.003279114607721567,-0.10764029622077942],"maxPosition",8,[1,0.2729385197162628,0.18547897040843964,0.16847433149814606]]],-1],0,0,[],[],[]],[[[3,"Skin-0",557528749,["Toon Character Armature/Hips","Toon Character Armature/Hips/Spine","Toon Character Armature/Hips/Spine/Spine1","Toon Character Armature/Hips/Spine/Spine1/Spine2","Toon Character Armature/Hips/Spine/Spine1/Spine2/Neck","Toon Character Armature/Hips/Spine/Spine1/Spine2/Neck/Head","Toon Character Armature/Hips/Spine/Spine1/Spine2/Neck/Head/HeadTop_End","Toon Character Armature/Hips/Spine/Spine1/Spine2/LeftShoulder","Toon Character Armature/Hips/Spine/Spine1/Spine2/LeftShoulder/LeftArm","Toon Character Armature/Hips/Spine/Spine1/Spine2/LeftShoulder/LeftArm/LeftForeArm","Toon Character Armature/Hips/Spine/Spine1/Spine2/LeftShoulder/LeftArm/LeftForeArm/LeftHand","Toon Character Armature/Hips/Spine/Spine1/Spine2/LeftShoulder/LeftArm/LeftForeArm/LeftHand/LeftHandDummy","Toon Character Armature/Hips/Spine/Spine1/Spine2/RightShoulder","Toon Character Armature/Hips/Spine/Spine1/Spine2/RightShoulder/RightArm","Toon Character Armature/Hips/Spine/Spine1/Spine2/RightShoulder/RightArm/RightForeArm","Toon Character Armature/Hips/Spine/Spine1/Spine2/RightShoulder/RightArm/RightForeArm/RightHand","Toon Character Armature/Hips/Spine/Spine1/Spine2/RightShoulder/RightArm/RightForeArm/RightHand/RightHandDummy","Toon Character Armature/Hips/Spine/Spine1/Spine2/Spine2Dummy","Toon Character Armature/Hips/LeftUpLeg","Toon Character Armature/Hips/LeftUpLeg/LeftLeg","Toon Character Armature/Hips/LeftUpLeg/LeftLeg/LeftFoot","Toon Character Armature/Hips/LeftUpLeg/LeftLeg/LeftFoot/LeftToeBase","Toon Character Armature/Hips/LeftUpLeg/LeftLeg/LeftFoot/LeftToeBase/LeftToe_End","Toon Character Armature/Hips/RightUpLeg","Toon Character Armature/Hips/RightUpLeg/RightLeg","Toon Character Armature/Hips/RightUpLeg/RightLeg/RightFoot","Toon Character Armature/Hips/RightUpLeg/RightLeg/RightFoot/RightToeBase","Toon Character Armature/Hips/RightUpLeg/RightLeg/RightFoot/RightToeBase/RightToe_End"],[[[7,1,0,0,0,0,0.9990708827972412,0.04309791699051857,0,0,-0.04309791699051857,0.9990708827972412,0,0,-0.42149633169174194,-0.02457297220826149,1],[7,1,0,0,0,0,0.9999516606330872,0.009814864955842495,0,0,-0.009814864955842495,0.9999516606330872,0,0,-0.5491436719894409,-0.010557027533650398,1],[7,1,0,0,0,0,0.9998330473899841,0.01826908066868782,0,0,-0.01826907880604267,0.9998331069946289,0,0,-0.6937821507453918,-0.016423523426055908,1],[7,1,-2.2701469148955766e-8,2.2201753324679885e-8,0,2.220168227040631e-8,0.9997521042823792,0.022257985547184944,0,-2.270154375594302e-8,-0.022257983684539795,0.9997521638870239,0,-1.7331553081589846e-8,-0.7825706005096436,-0.019545914605259895,1],[7,1,1.0188814268129761e-15,-3.4359165174618423e-15,0,-9.992007221626409e-16,0.999983549118042,0.005723134148865938,0,3.441691799854459e-15,-0.005723133683204651,0.9999836087226868,0,5.158788520198904e-16,-0.8827472925186157,-0.0053484635427594185,1],[7,1,-9.890962543766075e-16,1.7973539391297373e-15,0,9.78793686760035e-16,0.999983549118042,0.005723161157220602,0,-1.8029854376795575e-15,-0.005723160691559315,0.9999836087226868,0,-1.3928432966521975e-15,-0.9900590181350708,-0.005348489619791508,1],[7,1,-9.787991924741922e-16,1.802981626031295e-15,0,9.787924162106142e-16,0.9999998807907104,0.0000038118416796351084,0,-1.8029856494377943e-15,-0.0000038118416796351084,0.9999998807907104,0,-1.990753160328049e-15,-1.5945671796798706,0.0037714585196226835,1],[7,-0.0008986620232462883,0.9722885489463806,-0.2337823063135147,0,-0.01842801459133625,-0.23375879228115082,-0.9721199870109558,0,-0.9998297095298767,0.003434536512941122,0.01812741905450821,0,0.016547925770282745,0.09505955129861832,0.8572543263435364,1],[7,-0.2483012080192566,0.9492027163505554,-0.19328908622264862,0,0.028086364269256592,-0.19239957630634308,-0.9809147715568542,0,-0.9682755470275879,-0.24899107217788696,0.02111339569091797,0,0.04325993359088898,-0.09091494977474213,0.8538398742675781,1],[7,0.3228977918624878,0.9255751371383667,-0.19760383665561676,0,-0.08099399507045746,-0.18099786341190338,-0.9801426529884338,0,-0.9429616332054138,0.3324906826019287,0.01652221754193306,0,-0.14619728922843933,-0.28725090622901917,0.85506272315979,1],[7,-0.0003512004332151264,0.98140549659729,-0.19194576144218445,0,-0.017780935391783714,-0.19192156195640564,-0.9812490940093994,0,-0.9998418688774109,0.0030683602672070265,0.017517710104584694,0,0.013455655425786972,-0.48471301794052124,0.8522681593894958,1],[7,-0.0003512069524731487,0.9814052581787109,-0.19194643199443817,0,-0.017781805247068405,-0.1919221729040146,-0.9812491536140442,0,-0.9998418688774109,0.0030685316305607557,0.01751856505870819,0,0.013456295244395733,-0.6038117408752441,0.8522691130638123,1],[7,0.005225596483796835,-0.9722635746002197,0.23383057117462158,0,0.013601776212453842,-0.2337430715560913,-0.9722031950950623,0,0.9998939633369446,0.008260853588581085,0.01200305949896574,0,-0.010991113260388374,0.09505189210176468,0.857344388961792,1],[7,-0.2483009546995163,-0.9492028951644897,0.1932886838912964,0,-0.028086505830287933,-0.19239917397499084,-0.9809145927429199,0,0.9682757258415222,-0.24899087846279144,0.02111310139298439,0,-0.04325978457927704,-0.09091538935899734,0.8538396954536438,1],[7,0.3247819244861603,-0.9250448346138,0.19700051844120026,0,0.07938304543495178,-0.18089532852172852,-0.9802931547164917,0,0.9424517154693604,0.3340201675891876,0.014681337401270866,0,0.14832399785518646,-0.2869883179664612,0.8547845482826233,1],[7,-0.0033314821776002645,-0.981412947177887,0.19188037514686584,0,0.02023516409099102,-0.19190843403339386,-0.9812040328979492,0,0.9997896552085876,0.0006138674798421562,0.020498380064964294,0,-0.017477884888648987,-0.48472779989242554,0.8521866202354431,1],[7,-0.0003509528178256005,-0.981408417224884,0.19193290174007416,0,0.01778179034590721,-0.1919087916612625,-0.98125159740448,0,0.9998418688774109,0.0030685393139719963,0.01751854084432125,0,-0.013456064276397228,-0.6038238406181335,0.8522607684135437,1],[7,1,1.5935665999871804e-15,-4.239939884511648e-15,0,4.274358644806853e-15,-0.022257627919316292,0.9997521638870239,0,1.4988007656066061e-15,-0.9997522234916687,-0.022257626056671143,0,-3.178687857973762e-15,0.019545599818229675,-0.8646201491355896,1],[7,-0.9997915029525757,0.020136775448918343,-0.0032895489130169153,0,-0.020403021946549416,-0.9853594303131104,0.16926023364067078,0,0.00016696930106263608,0.16929389536380768,0.9855547547340393,0,0.168806254863739,0.502009391784668,-0.08501484245061874,1],[7,-0.9999737739562988,0.007087843492627144,0.0014176948461681604,0,-0.007216957397758961,-0.9680550694465637,-0.2506221532821655,0,-0.00040396826807409525,-0.2506273090839386,0.968075156211853,0,0.16535526514053345,0.2664293348789215,0.02652355097234249,1],[7,-0.9999799132347107,-0.0011795124737545848,-0.00617138110101223,0,-0.005383668001741171,-0.34554892778396606,0.9383807182312012,0,-0.0032393827568739653,0.9383916854858398,0.3455371558666229,0,0.1651715338230133,0.03608734533190727,-0.08916548639535904,1],[7,-0.999519407749176,0.027922935783863068,-0.013441862538456917,0,-0.01384727843105793,-0.014376215636730194,0.9997997879981995,0,0.027724402025341988,0.999496579170227,0.014756103046238422,0,0.1634783297777176,-0.07487351447343826,-0.0686686635017395,1],[7,-0.9995175004005432,0.02792561613023281,-0.013568094000220299,0,-0.013973367400467396,-0.014368366450071335,0.999798059463501,0,0.027725329622626305,0.9994964599609375,0.014751791022717953,0,0.16348659992218018,-0.10248271375894547,-0.0686473622918129,1],[7,-0.9996722936630249,-0.020178647711873055,-0.015751181170344353,0,0.017452387139201164,-0.9873965978622437,0.1573004424571991,0,-0.01872674562036991,0.15697376430034637,0.9874266386032104,0,-0.16723866760730743,0.502534806728363,-0.08502517640590668,1],[7,-0.9999738335609436,-0.007089655846357346,-0.0014229072257876396,0,0.0072199939750134945,-0.9680567979812622,-0.25062862038612366,0,0.00039941491559147835,-0.250632107257843,0.9680836796760559,0,-0.1653558760881424,0.266429603099823,0.026524027809500694,1],[7,-0.9999802708625793,0.0011829293798655272,0.00617437856271863,0,0.0053853257559239864,-0.34553876519203186,0.9383895993232727,0,0.0032435304019600153,0.93840491771698,0.3455253839492798,0,-0.16517172753810883,0.0360875241458416,-0.08916544169187546,1],[7,-0.9995201230049133,-0.027918362990021706,0.013425320386886597,0,0.013830444775521755,-0.01436903327703476,0.9998012185096741,0,-0.027719857171177864,0.9995085597038269,0.01474823895841837,0,-0.1634775996208191,-0.07487411051988602,-0.06867073476314545,1],[7,-0.9995172023773193,-0.027919961139559746,0.013629634864628315,0,0.014034570194780827,-0.014359344728291035,0.9997985363006592,0,-0.027718573808670044,0.9995086789131165,0.014744236133992672,0,-0.16349145770072937,-0.10248386859893799,-0.06863635778427124,1]],8,8,8,8,8,8,8,8,8,8,8,8,8,8,8,8,8,8,8,8,8,8,8,8,8,8,8,8]]],0,0,[],[],[]],[[[13],[14,"lowpoly toon characters animations",[-3,-4,-5,-6,-7,-8,-9],[[24,-2,[2,"42roxdTdpaI5BL1wrsx2+9"],[21,22,23,24,25,26],27]],[0,"28ehfqyhtSS7Mx/02vmyW0",-1,0]],[22,"Spine2",[[-10,-11,-12,[9,"Spine2Dummy",-13,[0,"23OabojiBUObeikqj/U5Ra",1,0],[1,1.8626440390079324e-9,0.08204938471317291,-3.0850060284137726e-9],[3,-0.7071066023725874,1.7667120846655082e-10,-1.5875685038497616e-8,0.7071069600004621],[1,-89.99997102196104,-0.000001272066717965837,-0.0000013006981634534126]]],1,1,1,4],[0,"cfzvXy6chRR5otnDODWJ2G",1,0],[1,5.4074583352714534e-17,0.0888604149222374,6.984919309616089e-10],[3,-0.0019948624085555813,1.1123499201399595e-8,1.1328567159337643e-8,0.9999980102600058],[1,-0.22859454505367804,0.0000012772462260127792,0.000001295612819771012]],[15,"Hips",[-14,-15,-16],[0,"6cJk9X+atd6bUbnHWe7gDn",1,0],[1,-3.4972506661457015e-12,0.422163724899292,0.006384526379406452],[3,-0.021553835504094922,-3.1778943034749223e-8,6.943889546940964e-10,0.9997676891033545],[1,-2.4700788917842997,-0.0000036390375808353483,1.5804304542108018e-7]],[16,"Toon Character Armature",1,[3],[0,"c8nYN5NMReEJuAPmuhdA6/",1,0]],[1,"Spine",3,[-17],[0,"b5lrSLMV5b9LedRmfTs8fk",1,0],[1,-7.328476714363319e-11,0.1269916296005249,0.004259251523762941],[3,0.01664735197285975,3.1775641801632703e-8,8.316924404971819e-10,0.9998614232343855],[1,1.9077341395836738,0.0000036391291697985694,1.5590840283338208e-7]],[1,"Spine1",5,[2],[0,"72A6As6B9X565+9Wo9ARPF",1,0],[1,-3.277001066337437e-17,0.14475245773792267,-6.984919309616089e-10],[3,-0.004227523246077585,-8.513177387812576e-27,-1.6763271795544623e-16,0.9999910639836759],[1,-0.48443992257592783,-8.120773999096648e-17,-1.9209122839734628e-14]],[1,"Neck",2,[-18],[0,"e5DQxn5xVWz6T4vePIbrcB",1,0],[1,2.260552856014897e-9,0.09996737539768219,0.000398843374568969],[3,0.008268237805480114,-1.1194351787284726e-8,-1.1258567085166676e-8,0.9999658175375756],[1,0.9474810562988296,-0.0000012720672175844966,-0.0000013006989700431245]],[23,"Head",7,[[9,"HeadTop_End",-19,[0,"05vmuGTJxf5ZGdHpQwwQn1",1,0],[1,-2.858770078301154e-16,0.6045038104057312,2.3283064365386963e-10],[3,0.0028596865694092807,4.506233481255841e-19,9.207637130762999e-18,0.9999959110880028],[1,0.3276963889554811,4.862011552750977e-17,1.0552608469214478e-15]]],[0,"5bJrN2Y9Bcs7SQK+CWykUz",1,0],[1,1.422693478867268e-16,0.10731169581413269,-8.731149137020111e-11]],[1,"LeftShoulder",2,[-20],[0,"54EBcn/oZYN7IsCxteaGi1",1,0],[1,0.10800046473741531,0.07308193296194077,0.00018289902072865516],[3,0.5559459167295193,0.4389548174295722,-0.5547686058200858,0.4364339582612513],[1,103.51440656810546,90.05151361628228,0.21947543746320095]],[1,"LeftArm",9,[-21],[0,"3fY3GY4NJcVKqDgmUU/Tqu",1,0],[1,6.111804395914078e-10,0.15846700966358185,1.9106664694845676e-8],[3,-0.020410969965224606,0.006583647838541249,-0.1269952214761279,0.9916714484185001],[1,-2.2984974674857996,0.46618231028975915,-14.604409206638193]],[1,"LeftForeArm",10,[-22],[0,"3emUV7p/FTPbfIFBcuSgjJ",1,0],[1,-1.30385160446167e-8,0.23173843324184418,-8.944996920945414e-8],[3,4.879658459952817e-7,-2.7640771275806185e-8,0.29103672321585455,0.9567118823028901],[1,0.00006551694679390439,-0.000023241309107250548,33.84006664212025]],[10,"LeftHand",11,[[17,"LeftHandDummy",-23,[0,"abEksBlYFWL76hxtJya9KY",1,0],[1,2.066371962428093e-9,0.11909923702478409,5.464244168251753e-8]]],[0,"8cwiYDG2BUR6NsKQvSKM2b",1,0],[1,-1.1043084668926895e-8,0.16989558935165405,2.985883895689767e-8],[3,-0.0034384307454734604,-0.008292332999091068,-0.1671363368218852,0.9858929248763287],[1,-0.5796547585427549,-1.0620474951759125,-19.238432693840885]],[1,"RightShoulder",2,[-24],[0,"b892IHlHpT/pPMdcESyuFd",1,0],[1,-0.10800046473741531,0.07309926301240921,-0.0005817462806589901],[3,0.5587351185370543,-0.43890171168489156,0.5520440204876866,0.43638028626101644],[1,103.52583759546098,-89.70059554923523,-0.4960354940711876]],[1,"RightArm",13,[-25],[0,"56xzrHTTdcP7ZUYuWfGUeF",1,0],[1,2.3283064365386963e-10,0.15847161412239075,2.5893314159475267e-8],[3,-0.02004253726223501,-0.003588643244156862,0.12944983257228987,0.991376900672375],[1,-2.301452456081968,-0.11420430564585757,14.880921867675346]],[1,"RightForeArm",14,[-26],[0,"05SDdUzCtcIa6LcYcQgZet",1,0],[1,-1.30385160446167e-8,0.23173846304416656,3.156583261443302e-8],[3,0.0000016888807044818808,1.401375137388691e-7,-0.2918125049774757,0.9564755417342874],[1,0.0002287529106295187,0.00008657987835078634,-33.93299850593699]],[10,"RightHand",15,[[9,"RightHandDummy",-27,[0,"a8ZMeE2JpdOpBcV24CvxpW",1,0],[1,-2.2992026060819626e-9,0.11909880489110947,-3.566765371942893e-8],[3,0.00002400595220450437,-0.0014901652232033916,-0.0012271043185779545,0.9999981365214203],[1,0.0025413412470531023,-0.1707574293647717,-0.14061977535405448]]],[0,"b1Pai0re5dereAuB7WMi0H",1,0],[1,-8.847564458847046e-9,0.16999296844005585,3.299109607723949e-8],[3,-0.003708857327784758,0.009756333150798888,0.16914009971850394,0.9855367496993641],[1,-0.6448421695682653,1.244995664398872,19.47011856266922]],[18,"LeftUpLeg",3,[-28],[0,"cdRVUgEABfG7yT8KgZY8yw",1,0],[1,0.15838265419006348,0.09057462215423584,-0.003711191238835454],[3,-0.0007890911024644899,0.06349865307144763,0.9979533490255441,-0.007510763080041239],[1,1.000000238418579,1.000001072883606,1.000003457069397],[1,-172.7187522465417,179.96440921880134,-0.8646831320707845]],[1,"LeftLeg",17,[-29],[0,"05Uav7BfRdqIjDakCL/dOW",1,0],[1,-8.787537808530033e-9,0.250399649143219,-3.055902197957039e-9],[3,-0.21024413461744512,0.00000875602656846005,0.000004333145181990309,0.9776489164130023],[1,-24.27331907586242,0.001085335415716005,0.0002744916422539571]],[1,"LeftFoot",18,[-30],[0,"1bwYuNuwpWTYWW5CQd+2K+",1,0],[1,3.708970908178344e-9,0.17429620027542114,-1.1641532182693481e-9],[3,0.6711183732689341,-0.0008145965337761887,-0.005063712090712215,0.741332465438557],[1,84.30962197797275,0.32023542653089754,-0.492816801442634]],[10,"LeftToeBase",19,[[9,"LeftToe_End",-31,[0,"6emIwaGkJX8ZwnULY0wvQo",1,0],[1,1.4784745872020721e-8,0.027608226984739304,-3.6088749766349792e-9],[3,0.00000390388594626962,0.00006303755059133781,0.0000013937315060885455,0.9999999980045422],[1,0.00044734230823821337,0.007223570580713124,0.000159738065826171]]],[0,"a0cOHHcZlcsrbiTK0QiXZM",1,0],[1,2.2992026060819626e-9,0.0786837711930275,8.149072527885437e-9],[3,0.16825069843676652,0.0013336261318516265,0.015995694663378624,0.9856135458023683],[1,19.377297877092023,-0.15785596454565773,1.8326265519845601]],[1,"RightUpLeg",3,[-32],[0,"b4VKdWxs1QbKvYu5uQQSk5",1,0],[1,-0.15838263928890228,0.09043823182582855,-0.0005480624386109412],[3,0.0007461686404134097,0.057266006462698076,0.9983303855974075,0.007515911728159759],[1,-173.43429158801274,-179.9639549474371,0.8647514089425772]],[1,"RightLeg",21,[-33],[0,"a6AQjIUDNR9LcmU+jHBguq",1,0],[1,4.720732249552384e-9,0.24988333880901337,5.820766091346741e-11],[3,-0.20413699661127827,-0.000002243175676748931,-0.000004096429603345978,0.9789423305755629],[1,-23.557968645972473,-0.00034746136954662716,-0.00040705823195091504]],[1,"RightFoot",22,[-34],[0,"06dAMtFT9WJoGPLg7nt7RP",1,0],[1,3.4248266445047193e-9,0.17429712414741516,-1.1641532182693481e-9],[3,0.671121432618851,0.0008118354187995513,0.005065657770840544,0.7413296855746587],[1,84.31009719333629,-0.32062166853421886,0.4927684148229733]],[10,"RightToeBase",23,[[9,"RightToe_End",-35,[0,"f8kLSwtKlXjbHSP7YodWrB",1,0],[1,2.62516550719738e-8,0.027608806267380714,6.05359673500061e-9],[3,0.0000048393498875319475,-0.00010207074902975699,-8.65835654648743e-7,0.9999999947786966],[1,0.0005545385181991971,-0.011696445802326231,-0.0000992740602045485]]],[0,"ed0kn38lBYXauTX8q84Mc3",1,0],[1,8.949427865445614e-9,0.07868508994579315,3.841705620288849e-9],[3,0.1682492359315256,-0.0013245426925063428,-0.015994260218261253,0.9856138309881737],[1,19.37714261800762,0.15885197870848597,-1.8322895401152433]],[5,"shirt 01",1,[[6,-36,[2,"a355ZS04BSdIaFfHCWrY40"],[0],[7],1,1,2]],[0,"d4yeC+B/FfN6iagPG6ZbFs",1,0]],[5,"shoes 01",1,[[6,-37,[2,"9d+h+ewBVceKkIcU6RGy0C"],[3],[7],1,4,5]],[0,"89xcLP8dRWRL7l1eFt/3sA",1,0]],[5,"body",1,[[6,-38,[2,"77NYv9Ci1Thp92YkTbMter"],[6],[7],1,7,8]],[0,"b7XlQLXQRQrIY4chsL8Q2O",1,0]],[5,"shorts 01",1,[[6,-39,[2,"f09ER3BstY/IAWLMP1P2OV"],[9],[7],1,10,11]],[0,"09cx2u39ZQoaDvSzFf/Pcs",1,0]],[5,"socks 01",1,[[6,-40,[2,"77M+xw11BWIaQFUbA0w1tj"],[12,13],[7],1,14,15]],[0,"6dmKDSzV1TSqgVzPXWIDzX",1,0]],[5,"baseball cap 01",1,[[6,-41,[2,"fafZK1AkpfS57en0zI+6iu"],[16,17,18],[7],1,19,20]],[0,"fc9DHIEUhUWrapgeW/nPKx",1,0]]],0,[0,6,1,0,0,1,0,-1,4,0,-2,25,0,-3,26,0,-4,27,0,-5,28,0,-6,29,0,-7,30,0,-1,7,0,-2,9,0,-3,13,0,1,2,0,-1,5,0,-2,17,0,-3,21,0,-1,6,0,-1,8,0,1,8,0,-1,10,0,-1,11,0,-1,12,0,1,12,0,-1,14,0,-1,15,0,-1,16,0,1,16,0,-1,18,0,-1,19,0,-1,20,0,1,20,0,-1,22,0,-1,23,0,-1,24,0,1,24,0,0,25,0,0,26,0,0,27,0,0,28,0,0,29,0,0,30,0,8,1,2,1,6,3,1,4,41],[0,0,0,0,0,0,0,0,0,0,0,0,0,0,0,0,0,0,0,0,0,0,0,0,0,0,0,0],[-1,2,3,-1,2,3,-1,2,3,-1,2,3,-1,-2,2,3,-1,-2,-3,2,3,-1,-2,-3,-4,-5,-6,9],[0,5,6,0,7,8,0,9,10,0,11,12,0,2,13,14,0,2,15,16,17,3,4,18,19,20,21,3]],[[[4,".bin",2424464600,[{"primitives":[{"primitiveMode":7,"jointMapIndex":0,"vertexBundelIndices":[0],"indexView":{"offset":7344,"length":1344,"count":336,"stride":4}}],"vertexBundles":[{"view":{"offset":0,"length":7344,"count":102,"stride":72},"attributes":[{"name":"a_position","format":32,"isNormalized":false},{"name":"a_normal","format":32,"isNormalized":false},{"name":"a_texCoord","format":21,"isNormalized":false},{"name":"a_tangent","format":44,"isNormalized":false},{"name":"a_joints","format":42,"isNormalized":false},{"name":"a_weights","format":44,"isNormalized":false}]}],"jointMaps":[[0,18,19,20,21,23,24,25,26]]},"minPosition",8,[1,-0.2851383090019226,-0.01013462245464325,-0.11802034825086594],"maxPosition",8,[1,0.2851383090019226,0.11221937835216522,0.18265148997306824]]],-1],0,0,[],[],[]],[[[11,"base_material_primary",[{"rasterizerState":{},"blendState":{"targets":[{}]},"depthStencilState":{}}],[{"DCC_APP_NAME":2,"HAS_EXPORTED_METALLIC":true,"USE_ALBEDO_MAP":true}],[[[{"shininessExponent":12.25000166893011,"emissiveScale":1,"metallic":0,"specularFactor":0.11666665971279144,"transparencyFactor":0},"mainColor",8,[4,4294046193],"emissive",8,[4,4278190080],"mainTexture",6,0]],11]]],0,0,[0,0],[4,5],[22,1]],[[[4,".bin",1768608727,[{"primitives":[{"primitiveMode":7,"jointMapIndex":0,"vertexBundelIndices":[0],"indexView":{"offset":3456,"length":624,"count":156,"stride":4}},{"primitiveMode":7,"jointMapIndex":0,"vertexBundelIndices":[1],"indexView":{"offset":7248,"length":336,"count":84,"stride":4}},{"primitiveMode":7,"jointMapIndex":0,"vertexBundelIndices":[2],"indexView":{"offset":8016,"length":48,"count":12,"stride":4}}],"vertexBundles":[{"view":{"offset":0,"length":3456,"count":48,"stride":72},"attributes":[{"name":"a_position","format":32,"isNormalized":false},{"name":"a_normal","format":32,"isNormalized":false},{"name":"a_texCoord","format":21,"isNormalized":false},{"name":"a_tangent","format":44,"isNormalized":false},{"name":"a_joints","format":42,"isNormalized":false},{"name":"a_weights","format":44,"isNormalized":false}]},{"view":{"offset":4080,"length":3168,"count":44,"stride":72},"attributes":[{"name":"a_position","format":32,"isNormalized":false},{"name":"a_normal","format":32,"isNormalized":false},{"name":"a_texCoord","format":21,"isNormalized":false},{"name":"a_tangent","format":44,"isNormalized":false},{"name":"a_joints","format":42,"isNormalized":false},{"name":"a_weights","format":44,"isNormalized":false}]},{"view":{"offset":7584,"length":432,"count":6,"stride":72},"attributes":[{"name":"a_position","format":32,"isNormalized":false},{"name":"a_normal","format":32,"isNormalized":false},{"name":"a_texCoord","format":21,"isNormalized":false},{"name":"a_tangent","format":44,"isNormalized":false},{"name":"a_joints","format":42,"isNormalized":false},{"name":"a_weights","format":44,"isNormalized":false}]}],"jointMaps":[[0,3,5]]},"minPosition",8,[1,-0.4057961106300354,1.2617690563201904,-0.42536038160324097],"maxPosition",8,[1,0.4057961106300354,1.6912113428115845,0.5908399224281311]]],-1],0,0,[],[],[]],[[[4,".bin",3086872998,[{"primitives":[{"primitiveMode":7,"jointMapIndex":0,"vertexBundelIndices":[0],"indexView":{"offset":31536,"length":9504,"count":2376,"stride":4}}],"vertexBundles":[{"view":{"offset":0,"length":31536,"count":438,"stride":72},"attributes":[{"name":"a_position","format":32,"isNormalized":false},{"name":"a_normal","format":32,"isNormalized":false},{"name":"a_texCoord","format":21,"isNormalized":false},{"name":"a_tangent","format":44,"isNormalized":false},{"name":"a_joints","format":42,"isNormalized":false},{"name":"a_weights","format":44,"isNormalized":false}]}],"jointMaps":[[0,2,3,4,5,7,8,9,10,12,13,14,15,18,19,20,21,23,24,25,26]]},"minPosition",8,[1,-0.7588530778884888,0.0012251643929630518,-0.3953222334384918],"maxPosition",8,[1,0.7588530778884888,1.5858402252197266,0.3953128755092621]]],-1],0,0,[],[],[]],[[[11,"base_material_secondary",[{"rasterizerState":{},"blendState":{"targets":[{}]},"depthStencilState":{}}],[{"DCC_APP_NAME":2,"HAS_EXPORTED_METALLIC":true,"USE_ALBEDO_MAP":true}],[[[{"shininessExponent":12.25000166893011,"emissiveScale":1,"metallic":0,"specularFactor":0.11666665971279144,"transparencyFactor":0},"mainColor",8,[4,4294046193],"emissive",8,[4,4278190080],"mainTexture",6,0]],11]]],0,0,[0,0],[4,5],[23,1]],[[[3,"Skin-5",557528749,["Toon Character Armature/Hips","Toon Character Armature/Hips/Spine","Toon Character Armature/Hips/Spine/Spine1","Toon Character Armature/Hips/Spine/Spine1/Spine2","Toon Character Armature/Hips/Spine/Spine1/Spine2/Neck","Toon Character Armature/Hips/Spine/Spine1/Spine2/Neck/Head","Toon Character Armature/Hips/Spine/Spine1/Spine2/Neck/Head/HeadTop_End","Toon Character Armature/Hips/Spine/Spine1/Spine2/LeftShoulder","Toon Character Armature/Hips/Spine/Spine1/Spine2/LeftShoulder/LeftArm","Toon Character Armature/Hips/Spine/Spine1/Spine2/LeftShoulder/LeftArm/LeftForeArm","Toon Character Armature/Hips/Spine/Spine1/Spine2/LeftShoulder/LeftArm/LeftForeArm/LeftHand","Toon Character Armature/Hips/Spine/Spine1/Spine2/LeftShoulder/LeftArm/LeftForeArm/LeftHand/LeftHandDummy","Toon Character Armature/Hips/Spine/Spine1/Spine2/RightShoulder","Toon Character Armature/Hips/Spine/Spine1/Spine2/RightShoulder/RightArm","Toon Character Armature/Hips/Spine/Spine1/Spine2/RightShoulder/RightArm/RightForeArm","Toon Character Armature/Hips/Spine/Spine1/Spine2/RightShoulder/RightArm/RightForeArm/RightHand","Toon Character Armature/Hips/Spine/Spine1/Spine2/RightShoulder/RightArm/RightForeArm/RightHand/RightHandDummy","Toon Character Armature/Hips/Spine/Spine1/Spine2/Spine2Dummy","Toon Character Armature/Hips/LeftUpLeg","Toon Character Armature/Hips/LeftUpLeg/LeftLeg","Toon Character Armature/Hips/LeftUpLeg/LeftLeg/LeftFoot","Toon Character Armature/Hips/LeftUpLeg/LeftLeg/LeftFoot/LeftToeBase","Toon Character Armature/Hips/LeftUpLeg/LeftLeg/LeftFoot/LeftToeBase/LeftToe_End","Toon Character Armature/Hips/RightUpLeg","Toon Character Armature/Hips/RightUpLeg/RightLeg","Toon Character Armature/Hips/RightUpLeg/RightLeg/RightFoot","Toon Character Armature/Hips/RightUpLeg/RightLeg/RightFoot/RightToeBase","Toon Character Armature/Hips/RightUpLeg/RightLeg/RightFoot/RightToeBase/RightToe_End"],[[[7,1,0,0,0,0,0.9990708827972412,0.04309791699051857,0,0,-0.04309791699051857,0.9990708827972412,0,0,-0.42149633169174194,-0.02457297220826149,1],[7,1,0,0,0,0,0.9999516606330872,0.009814864955842495,0,0,-0.009814864955842495,0.9999516606330872,0,0,-0.5491436719894409,-0.010557027533650398,1],[7,1,0,0,0,0,0.9998330473899841,0.01826908066868782,0,0,-0.01826907880604267,0.9998331069946289,0,0,-0.6937821507453918,-0.016423523426055908,1],[7,1,-2.2701469148955766e-8,2.2201753324679885e-8,0,2.220168227040631e-8,0.9997521042823792,0.022257985547184944,0,-2.270154375594302e-8,-0.022257983684539795,0.9997521638870239,0,-1.7331553081589846e-8,-0.7825706005096436,-0.019545914605259895,1],[7,1,1.0188814268129761e-15,-3.4359165174618423e-15,0,-9.992007221626409e-16,0.999983549118042,0.005723134148865938,0,3.441691799854459e-15,-0.005723133683204651,0.9999836087226868,0,5.158788520198904e-16,-0.8827472925186157,-0.0053484635427594185,1],[7,1,-9.890962543766075e-16,1.7973539391297373e-15,0,9.78793686760035e-16,0.999983549118042,0.005723161157220602,0,-1.8029854376795575e-15,-0.005723160691559315,0.9999836087226868,0,-1.3928432966521975e-15,-0.9900590181350708,-0.005348489619791508,1],[7,1,-9.787991924741922e-16,1.802981626031295e-15,0,9.787924162106142e-16,0.9999998807907104,0.0000038118416796351084,0,-1.8029856494377943e-15,-0.0000038118416796351084,0.9999998807907104,0,-1.990753160328049e-15,-1.5945671796798706,0.0037714585196226835,1],[7,-0.0008986620232462883,0.9722885489463806,-0.2337823063135147,0,-0.01842801459133625,-0.23375879228115082,-0.9721199870109558,0,-0.9998297095298767,0.003434536512941122,0.01812741905450821,0,0.016547925770282745,0.09505955129861832,0.8572543263435364,1],[7,-0.2483012080192566,0.9492027163505554,-0.19328908622264862,0,0.028086364269256592,-0.19239957630634308,-0.9809147715568542,0,-0.9682755470275879,-0.24899107217788696,0.02111339569091797,0,0.04325993359088898,-0.09091494977474213,0.8538398742675781,1],[7,0.3228977918624878,0.9255751371383667,-0.19760383665561676,0,-0.08099399507045746